0165
0384
0046
0157
0054
0073
0316
0210
0075
0334
0404
0416
0093
0216
0480
0060
0369
0164
0211
0252
0444
0321
0290
0390
0008
0463
0250
0229
0246
0212
0130
0163
0224
0042
0279
0022
0435
0069
0228
0152
0370
0218
0155
0178
0398
0140
0142
0327
0176
0171
0089
0097
0440
0304
0051
0200
0298
0132
0121
0359
0181
0371
0038
0161
0005
0094
0305
0189
0375
0454
0095
0469
0293
0341
0408
0409
0188
0335
0214
0128
0012
0007
0443
0247
0397
0426
0346
0090
0427
0027
0078
0185
0263
0208
0183
0096
0101
0420
0395
0156
0231
0363
0238
0354
0086
0324
0172
0394
0154
0314
0039
0393
0070
0107
0349
0490
0429
0159
0032
0245
0009
0268
0486
0234
0262
0402
0292
0199
0133
0325
0323
0003
0019
0489
0264
0077
0254
0315
0352
0472
0144
0450
0067
0180
0134
0145
0407
0281
0270
0467
0209
0146
0433
0278
0342
0466
0318
0018
0449
0021
0131
0239
0297
0287
0337
0301
0150
0204
0388
0399
0191
0202
0419
0015
0056
0076
0285
0040
0392
0461
0258
0179
0213
0473
0421
0068
0100
0477
0098
0197
0340
0289
0319
0458
0125
0243
0043
0061
0193
0423
0267
0255
0385
0498
0227
0496
0114
0020
0219
0119
0365
0386
0438
0294
0494
0379
0242
0447
0436
0028
0221
0470
0087
0362
0104
0482
0026
0308
0168
0451
0476
0411
0222
0417
0106
0372
0091
0453
0169
0241
0403
0049
0105
0207
0248
0201
0063
0478
0148
0147
0226
0422
0485
0492
0452
0110
0295
0441
0122
0266
0170
0382
0035
0269
0031
0401
0462
0355
0383
0011
0174
0343
0116
0364
0062
0232
0265
0225
0313
0357
0160
0103
0311
0373
0345
0338
0366
0085
0282
0244
0066
0065
0273
0424
0249
0044
0418
0376
0124
0030
0123
0158
0356
0331
0010
0251
0166
0307
0001
0272
0277
0083
0192
0348
0474
0400
0320
0153
0055
0260
0092
0257
0431
0002
0460
0081
0223
0432
0499
0456
0329
0405
0437
0059
0006
0284
0129
0271
0240
0406
0196
0198
0033
0306
0488
0459
0430
0079
0057
0025
0047
0253
0261
0071
0387
0428
0205
0299
0220
0300
0135
0276
0475
0127
0493
0442
0074
0235
0330
0203
0256
0336
0377
0381
0368
0291
0109
0034
0138
0206
0162
0483
0118
0029
0167
0351
0468
0286
0353
0500
0139
0464
0237
0410
0495
0439
0274
0088
0412
0312
0037
0332